8.919999999999999300e-06
3.435984000000000000e-03
1.000000000000000036e-10
1.684000000000000057e+02
1.214000000000000057e+02
7.520000000000000284e+01
4.726000000000000512e+01
3.000000000000000000e+02
1.528347476522006218e+03
8.521885935278826919e-04
1.000000000000000000e+00
1.000000000000000000e+00
1.000000000000000000e+00
1.000000000000000000e+00
4.894903611145481198e-02
7.493860291067043489e-03
1.000000000000000056e-01
3.058859991434073763e-04
9.507436259985300726e-05
1.000000000000000056e-01
1.000000000000000021e-02
8.999999999999999754e-04
0.000000000000000000e+00
-1.030795200000000023e+00
